[gd_scene load_steps=3 format=2]

[ext_resource path="res://Assets/MoonTown/Models/Neighborhood/Shared-Facilities-1.glb" type="PackedScene" id=1]
[ext_resource path="res://Assets/MoonTown/Models/Toilet/Toilet_Mark2.tscn" type="PackedScene" id=2]

[node name="Shared-Facilities-1" instance=ExtResource( 1 )]

[node name="Marker-Toilet-1" parent="LOD0" index="14"]
transform = Transform( -0.0487802, 0, -0.99881, 0, 1, 0, 0.99881, 0, -0.0487802, 10.0017, -2.39285, -2.5641 )

[node name="Toilet_Mark2" parent="LOD0/Marker-Toilet-1" index="0" instance=ExtResource( 2 )]

[node name="Marker-Toilet-2" parent="LOD0" index="15"]
transform = Transform( -1.62921e-07, 0, -1, 0, 1, 0, 1, 0, -1.62921e-07, 11.0385, -2.39285, -2.48435 )

[node name="Toilet_Mark2" parent="LOD0/Marker-Toilet-2" index="0" instance=ExtResource( 2 )]
transform = Transform( 0.998892, 0, -0.0470541, 0, 1, 0, 0.0470541, 0, 0.998892, 0, 0, 0 )

[node name="Marker-Toilet-3" parent="LOD0" index="16"]
transform = Transform( -1.62921e-07, 0, -1, 0, 1, 0, 1, 0, -1.62921e-07, 12.0621, -2.39285, -2.4002 )

[node name="Toilet_Mark2" parent="LOD0/Marker-Toilet-3" index="0" instance=ExtResource( 2 )]
transform = Transform( 0.998824, 0, -0.0484837, 0, 1, 0, 0.0484837, 0, 0.998824, 0, 0, 0 )
