[gd_scene load_steps=2 format=2]

[ext_resource path="res://Assets/MoonTown/Models/Boat_Radiator/Boat_Radiator.glb" type="PackedScene" id=1]

[node name="Boat_Radiator" instance=ExtResource( 1 )]

[node name="RotatingRad_LOD0" parent="LOD0/RotatingRad_Base_LOD0" index="0"]
transform = Transform( 0.866025, 0, -0.5, 0, 1, 0, 0.5, 0, 0.866025, 0.000306368, -0.79834, -1.90688e-05 )

[node name="RotatingRad_LOD1" parent="LOD1/RotatingRad_Base_LOD1" index="0"]
transform = Transform( 0.866025, 0, -0.5, 0, 1, 0, 0.5, 0, 0.866025, 0.000306368, -0.79834, -1.90688e-05 )

[node name="RotatingRad_LOD2" parent="LOD2/RotatingRad_Base_LOD2" index="0"]
transform = Transform( 0.866025, 0, -0.5, 0, 1, 0, 0.5, 0, 0.866025, 0.000306368, -0.79834, -1.90688e-05 )
